1 1 1 1 1 2 2 2 3 3
1 2 2 2 3 4 4 5 5 6
2 3 3 4 5 5 6 7 8 9
2 4 4 5 6 7 8 10 11 12
2 4 6 6 7 9 10 12 13 15
3 5 7 8 9 10 12 14 16 18
3 6 8 9 10 12 14 16 18 21
3 6 8 10 12 13 15 18 20 23
3 6 9 11 13 15 17 20 23 26
3 7 10 12 14 16 19 22 25 29
3 7 10 13 15 18 20 23 27 31
3 7 11 14 16 19 22 25 29 34
3 7 11 15 18 20 23 27 31 36
3 7 12 15 19 22 25 29 33 38
4 8 12 16 20 23 26 30 35 41
4 8 12 17 20 24 28 32 37 43
4 8 12 17 21 25 29 34 39 45
4 8 13 17 22 26 30 35 41 48
4 8 13 18 23 27 32 37 43 50
4 8 13 18 23 28 33 38 44 52
4 8 13 19 24 29 34 40 46 54
4 8 13 19 25 30 36 41 48 56
4 8 13 19 25 31 37 43 50 58
4 8 14 19 26 32 38 44 52 60
4 9 14 20 26 33 39 46 53 62
4 9 14 20 26 33 40 47 55 64
4 9 14 20 27 34 41 48 57 66
4 9 14 20 27 35 42 50 58 69
4 9 14 20 27 35 43 51 60 71
4 9 14 21 28 36 44 52 62 73
4 9 14 21 28 36 45 54 63 75
4 9 14 21 28 37 46 55 65 77
4 9 15 21 28 37 46 56 66 79
4 9 15 21 29 38 47 57 68 80
4 9 15 21 29 38 48 58 69 82
4 9 15 21 29 38 49 59 71 84
4 9 15 21 29 39 49 60 72 86
4 9 15 22 29 39 50 61 74 88
4 9 15 22 30 39 50 62 75 90
4 9 15 22 30 39 51 63 77 92
4 9 15 22 30 40 51 64 78 94
4 9 15 22 30 40 52 65 79 96
4 9 15 22 30 40 52 66 81 98
4 9 15 22 30 40 53 67 82 99
4 9 15 22 30 41 53 67 83 101
4 9 15 22 31 41 53 68 84 103
4 9 15 22 31 41 54 69 86 105
4 9 15 22 31 41 54 69 87 106
4 9 15 22 31 41 54 70 88 108
4 9 15 22 31 41 55 71 89 110
4 9 15 23 31 42 55 71 90 112
4 9 15 23 31 42 55 72 91 113
4 9 15 23 31 42 55 72 92 115
4 9 16 23 31 42 56 73 93 117
4 9 16 23 31 42 56 73 94 118
4 9 16 23 31 42 56 74 95 120
4 9 16 23 32 42 56 74 96 121
4 9 16 23 32 43 56 74 97 123
4 9 16 23 32 43 57 75 97 124
4 9 16 23 32 43 57 75 98 126
4 9 16 23 32 43 57 75 99 128
4 9 16 23 32 43 57 76 100 129
4 9 16 23 32 43 57 76 100 130
4 9 16 23 32 43 57 76 101 132
4 9 16 23 32 43 58 77 102 133
4 9 16 23 32 43 58 77 102 135
4 9 16 23 32 43 58 77 103 136
4 9 16 23 32 43 58 78 104 137
4 9 16 23 32 44 58 78 104 139
4 9 16 23 32 44 58 78 105 140
4 9 16 23 32 44 58 78 105 141
4 9 16 23 33 44 58 78 106 142
4 9 16 23 33 44 59 79 106 144
4 9 16 23 33 44 59 79 107 145
4 9 16 23 33 44 59 79 107 146
4 9 16 24 33 44 59 79 108 147
4 9 16 24 33 44 59 79 108 148
4 9 16 24 33 44 59 80 109 150
4 9 16 24 33 44 59 80 109 151
4 9 16 24 33 44 59 80 110 152
4 9 16 24 33 44 59 80 110 153
4 9 16 24 33 44 59 80 110 154
4 9 16 24 33 44 60 80 111 155
4 9 16 24 33 45 60 80 111 156
4 9 16 24 33 45 60 81 111 157
4 9 16 24 33 45 60 81 112 158
4 9 16 24 33 45 60 81 112 159
4 9 16 24 33 45 60 81 112 160
4 9 16 24 33 45 60 81 113 161
4 9 16 24 33 45 60 81 113 161
4 9 16 24 33 45 60 81 113 162
4 9 16 24 33 45 60 81 113 163
4 9 16 24 33 45 60 81 114 164
4 9 16 24 33 45 60 82 114 165
4 9 16 24 33 45 60 82 114 166
4 9 16 24 33 45 60 82 114 166
4 9 16 24 33 45 61 82 114 167
4 9 16 24 33 45 61 82 115 168
4 9 16 24 33 45 61 82 115 169
4 9 16 24 33 45 61 82 115 169
4 9 16 24 33 45 61 82 115 170
4 9 16 24 33 45 61 82 115 171
4 9 16 24 33 45 61 82 116 171
4 9 16 24 33 45 61 83 116 172
4 9 16 24 33 45 61 83 116 173
4 9 16 24 34 46 61 83 116 173
4 9 16 24 34 46 61 83 116 174
4 9 16 24 34 46 61 83 116 175
4 9 16 24 34 46 61 83 117 175
4 9 16 24 34 46 61 83 117 176
4 9 16 24 34 46 61 83 117 176
4 9 16 24 34 46 61 83 117 177
4 9 16 24 34 46 61 83 117 177
4 9 16 24 34 46 61 83 117 178
4 9 16 24 34 46 61 83 117 178
4 9 16 24 34 46 62 83 118 179
4 9 16 24 34 46 62 83 118 179
4 9 16 24 34 46 62 84 118 180
4 9 16 24 34 46 62 84 118 180
4 9 16 24 34 46 62 84 118 181
4 9 16 24 34 46 62 84 118 181
4 9 16 24 34 46 62 84 118 182
4 9 16 24 34 46 62 84 118 182
4 9 16 24 34 46 62 84 118 182
4 9 16 24 34 46 62 84 118 183
4 9 16 24 34 46 62 84 119 183
4 9 16 24 34 46 62 84 119 184
4 9 16 24 34 46 62 84 119 184
4 9 16 24 34 46 62 84 119 184
4 9 16 24 34 46 62 84 119 185
4 9 16 24 34 46 62 84 119 185
4 9 16 24 34 46 62 84 119 185
4 9 16 24 34 46 62 84 119 186
4 9 16 24 34 46 62 84 119 186
4 9 16 24 34 46 62 84 119 186
4 9 16 24 34 46 62 85 119 187
4 9 16 24 34 46 62 85 119 187
4 9 16 24 34 46 62 85 120 187
4 9 16 24 34 46 62 85 120 188
4 9 16 24 34 46 62 85 120 188
4 9 16 24 34 46 62 85 120 188
4 9 16 24 34 46 62 85 120 189
4 9 16 24 34 46 62 85 120 189
4 9 16 24 34 46 62 85 120 189
4 9 16 24 34 46 62 85 120 189
4 9 16 24 34 46 63 85 120 190
4 9 16 24 34 46 63 85 120 190
4 9 16 24 34 46 63 85 120 190
4 9 16 24 34 46 63 85 120 190
4 9 16 24 34 46 63 85 120 190
4 9 16 24 34 46 63 85 120 191
4 9 16 24 34 46 63 85 120 191
4 9 16 24 34 46 63 85 121 191
4 9 16 24 34 46 63 85 121 191
4 9 16 24 34 46 63 85 121 192
4 9 16 24 34 46 63 85 121 192
4 9 16 24 34 46 63 85 121 192
4 9 16 24 34 46 63 85 121 192
4 9 16 24 34 46 63 85 121 192
4 9 16 24 34 46 63 85 121 193
4 9 16 24 34 46 63 85 121 193
4 9 16 24 34 46 63 85 121 193
4 9 16 24 34 46 63 86 121 193
4 9 16 24 34 46 63 86 121 193
4 9 16 24 34 46 63 86 121 193
4 9 16 24 34 46 63 86 121 194
4 9 16 24 34 46 63 86 121 194
4 9 16 24 34 46 63 86 121 194
4 9 16 24 34 46 63 86 121 194
4 9 16 24 34 46 63 86 121 194
4 9 16 24 34 46 63 86 121 194
4 9 16 24 34 46 63 86 121 194
4 9 16 24 34 46 63 86 122 195
4 9 16 24 34 46 63 86 122 195
4 9 16 24 34 46 63 86 122 195
4 9 16 24 34 46 63 86 122 195
4 9 16 24 34 46 63 86 122 195
4 9 16 24 34 46 63 86 122 195
4 9 16 24 34 46 63 86 122 195
4 9 16 24 34 46 63 86 122 195
4 9 16 24 34 46 63 86 122 196
4 9 16 24 34 46 63 86 122 196
4 9 16 24 34 46 63 86 122 196
4 9 16 24 34 46 63 86 122 196
4 9 16 24 34 46 63 86 122 196
4 9 16 24 34 46 63 86 122 196
4 9 16 24 34 46 63 86 122 196
4 9 16 24 34 46 63 86 122 196
4 9 16 24 34 46 63 86 122 196
4 9 16 24 34 46 63 86 122 197
4 9 16 24 34 46 63 86 122 197
4 9 16 24 34 46 63 86 122 197
4 9 16 24 34 46 63 86 122 197
4 9 16 24 34 46 63 86 122 197
4 9 16 24 34 46 63 86 122 197
4 9 16 24 34 46 63 86 122 197
4 9 16 24 34 46 63 86 122 197
4 9 16 24 34 46 63 86 122 197
4 9 16 24 34 46 63 86 122 197
4 9 16 24 34 46 63 86 122 197
4 9 16 24 34 46 63 86 123 198
4 9 16 24 34 46 63 86 123 198
4 9 16 24 34 46 63 86 123 198
4 9 16 24 34 46 63 86 123 198
4 9 16 24 34 46 63 86 123 198
4 9 16 24 34 46 63 86 123 198
4 9 16 24 34 46 63 86 123 198
4 9 16 24 34 46 63 86 123 198
4 9 16 24 34 46 63 86 123 198
4 9 16 24 34 46 63 86 123 198
4 9 16 24 34 46 63 86 123 198
4 9 16 24 34 46 63 87 123 198
4 9 16 24 34 46 63 87 123 198
4 9 16 24 34 46 63 87 123 198
4 9 16 24 34 46 63 87 123 198
4 9 16 24 34 46 63 87 123 199
4 9 16 24 34 46 63 87 123 199
4 9 16 24 34 46 63 87 123 199
4 9 16 24 34 46 63 87 123 199
4 9 16 24 34 46 63 87 123 199
4 9 16 24 34 46 63 87 123 199
4 9 16 24 34 46 63 87 123 199
4 9 16 24 34 46 63 87 123 199
4 9 16 24 34 46 63 87 123 199
4 9 16 24 34 46 63 87 123 199
4 9 16 24 34 46 63 87 123 199
4 9 16 24 34 46 63 87 123 199
4 9 16 24 34 46 63 87 123 199
4 9 16 24 34 46 63 87 123 199
4 9 16 24 34 46 63 87 123 199
4 9 16 24 34 46 63 87 123 199
4 9 16 24 34 46 63 87 123 199
4 9 16 24 34 46 63 87 123 199
4 9 16 24 34 46 63 87 123 199
4 9 16 24 34 46 63 87 123 200
4 9 16 24 34 46 63 87 123 200
4 9 16 24 34 46 63 87 123 200
4 9 16 24 34 46 63 87 123 200
4 9 16 24 34 46 63 87 123 200
4 9 16 24 34 46 63 87 123 200
4 9 16 24 34 46 63 87 123 200
4 9 16 24 34 46 63 87 123 200
4 9 16 24 34 46 63 87 123 200
4 9 16 24 34 46 63 87 123 200
4 9 16 24 34 46 63 87 124 200
4 9 16 24 34 46 63 87 124 200
4 9 16 24 34 46 63 87 124 200
4 9 16 24 34 46 63 87 124 200
4 9 16 24 34 46 63 87 124 200
4 9 16 24 34 46 63 87 124 200
4 9 16 24 34 46 63 87 124 200
4 9 16 24 34 46 63 87 124 200
4 9 16 24 34 46 63 87 124 200
4 9 16 24 34 46 63 87 124 200
4 9 16 24 34 46 63 87 124 200
4 9 16 24 34 46 63 87 124 200
4 9 16 24 34 46 63 87 124 200
4 9 16 24 34 46 63 87 124 200
4 9 16 24 34 46 63 87 124 200
4 9 16 24 34 46 63 87 124 200
4 9 16 24 34 46 63 87 124 201
4 9 16 24 34 46 63 87 124 201
4 9 16 24 34 46 63 87 124 201
4 9 16 24 34 46 63 87 124 201
4 9 16 24 34 46 63 87 124 201
4 9 16 24 34 46 63 87 124 201
4 9 16 24 34 46 63 87 124 201
4 9 16 24 34 46 63 87 124 201
4 9 16 24 34 46 63 87 124 201
4 9 16 24 34 46 63 87 124 201
4 9 16 24 34 46 63 87 124 201
4 9 16 24 34 46 63 87 124 201
4 9 16 24 34 46 63 87 124 201
4 9 16 24 34 46 63 87 124 201
4 9 16 24 34 46 63 87 124 201
4 9 16 24 34 46 63 87 124 201
4 9 16 24 34 46 63 87 124 201
4 9 16 24 34 46 63 87 124 201
4 9 16 24 34 46 63 87 124 201
4 9 16 24 34 46 63 87 124 201
4 9 16 24 34 46 63 87 124 201
4 9 16 24 34 46 63 87 124 201
4 9 16 24 34 46 63 87 124 201
4 9 16 24 34 46 63 87 124 201
4 9 16 24 34 46 63 87 124 201
4 9 16 24 34 46 63 87 124 201
4 9 16 24 34 46 63 87 124 201
4 9 16 24 34 46 63 87 124 201
4 9 16 24 34 46 63 87 124 201
4 9 16 24 34 46 63 87 124 201
4 9 16 24 34 46 63 87 124 201
4 9 16 24 34 46 63 87 124 201
4 9 16 24 34 46 63 87 124 201
4 9 16 24 34 46 63 87 124 201
4 9 16 24 34 46 63 87 124 201
4 9 16 24 34 46 63 87 124 201
4 9 16 24 34 46 63 87 124 201
4 9 16 24 34 46 63 87 124 201
4 9 16 24 34 46 63 87 124 202
4 9 16 24 34 46 63 87 124 202
