-44 -44 -44 -44 -44 -44 -44 -44 -44 -44 -44 -44 -44 -44 -44 -44 -44 -44 -44 -44 -44 -44 -44 -44 -44 -44 -44 -44 -44 -44 -44 -44 -44 -44 -44 -44 -44 -44 -44 -44 -44 -44 -44 -44 -44 -44 -44 -44 -43 -43 -42 -42 -41 -41 -40 -40 -39 -39 -38 -38 -37 -37 -36 -36 -36 -36 -36 -36 -35 -35 -35 -34 -34 -34 -34 -34 -34 -33 -33 -33 -33 -33 -33 -33 -33 -33 -32 -32 -32 -32 -32 -32 -32 -32 -32 -32 -32 -32 -32 -32
-44 -44 -44 -44 -44 -44 -44 -44 -44 -44 -44 -44 -44 -44 -44 -44 -44 -44 -44 -44 -44 -44 -44 -44 -44 -44 -44 -44 -44 -44 -44 -44 -44 -44 -44 -44 -44 -45 -45 -45 -45 -45 -45 -45 -45 -44 -44 -41 -41 -40 -40 -40 -39 -39 -39 -38 -38 -38 -37 -37 -37 -36 -36 -36 -35 -35 -35 -35 -35 -35 -34 -34 -34 -33 -33 -33 -33 -33 -33 -33 -33 -33 -32 -32 -32 -32 -32 -32 -32 -32 -32 -32 -32 -32 -32 -32 -32 -32 -32 -32
-44 -44 -44 -44 -44 -44 -44 -44 -44 -44 -44 -44 -44 -44 -44 -44 -44 -44 -44 -44 -44 -44 -44 -44 -45 -45 -45 -45 -45 -45 -45 -45 -45 -45 -45 -45 -45 -46 -46 -46 -46 -46 -45 -45 -42 -42 -41 -41 -40 -40 -40 -39 -39 -39 -38 -38 -38 -37 -37 -37 -36 -36 -36 -36 -35 -35 -35 -34 -34 -34 -34 -34 -34 -33 -33 -33 -33 -33 -33 -32 -32 -32 -32 -32 -32 -32 -32 -32 -32 -32 -32 -32 -32 -32 -32 -32 -32 -32 -32 -32
-44 -44 -44 -44 -44 -44 -44 -44 -44 -44 -44 -45 -45 -45 -45 -45 -45 -45 -45 -45 -45 -45 -45 -45 -45 -45 -45 -45 -45 -45 -45 -45 -45 -45 -45 -45 -45 -47 -47 -46 -46 -43 -43 -42 -42 -41 -41 -40 -40 -40 -39 -39 -39 -38 -38 -38 -37 -37 -37 -36 -36 -36 -35 -35 -35 -35 -35 -34 -34 -34 -33 -33 -33 -33 -33 -33 -32 -32 -32 -32 -32 -32 -32 -32 -32 -31 -31 -31 -31 -31 -31 -31 -31 -31 -31 -31 -31 -31 -31 -31
-45 -45 -45 -45 -45 -45 -45 -45 -45 -45 -45 -45 -45 -45 -45 -45 -45 -45 -45 -45 -45 -45 -45 -45 -46 -46 -46 -46 -46 -46 -46 -46 -46 -46 -46 -46 -46 -47 -44 -44 -43 -43 -42 -42 -41 -41 -41 -40 -40 -39 -39 -39 -38 -38 -38 -37 -37 -37 -36 -36 -36 -35 -35 -35 -35 -34 -34 -34 -34 -34 -33 -33 -33 -32 -32 -32 -32 -32 -32 -32 -32 -32 -31 -31 -31 -31 -31 -31 -31 -31 -31 -31 -31 -31 -31 -31 -31 -31 -31 -31
-45 -45 -45 -45 -45 -45 -45 -45 -45 -45 -45 -45 -45 -45 -45 -45 -45 -45 -45 -45 -45 -45 -45 -45 -46 -46 -46 -46 -46 -46 -46 -46 -46 -46 -46 -45 -45 -44 -44 -43 -43 -42 -42 -42 -41 -41 -40 -40 -39 -39 -39 -38 -38 -38 -37 -37 -37 -36 -36 -36 -35 -35 -35 -35 -34 -34 -34 -34 -33 -33 -33 -33 -33 -32 -32 -32 -32 -32 -32 -31 -31 -31 -31 -31 -31 -31 -31 -31 -31 -31 -31 -31 -31 -31 -31 -31 -31 -31 -31 -31
-45 -45 -45 -45 -45 -45 -45 -45 -45 -45 -45 -46 -46 -46 -46 -46 -46 -46 -46 -46 -46 -46 -46 -46 -47 -47 -47 -47 -47 -47 -47 -47 -47 -47 -45 -45 -44 -44 -43 -43 -43 -42 -42 -41 -41 -40 -40 -39 -39 -39 -38 -38 -38 -37 -37 -37 -36 -36 -36 -35 -35 -35 -34 -34 -34 -34 -34 -33 -33 -33 -33 -32 -32 -32 -32 -32 -31 -31 -31 -31 -31 -31 -31 -31 -31 -30 -30 -30 -30 -30 -30 -30 -30 -30 -30 -30 -30 -30 -30 -30
-45 -45 -45 -45 -45 -45 -45 -45 -45 -45 -45 -46 -46 -46 -46 -46 -46 -46 -46 -46 -46 -46 -46 -46 -47 -47 -47 -47 -47 -47 -47 -47 -46 -46 -45 -44 -44 -44 -43 -43 -42 -42 -41 -41 -40 -40 -40 -39 -39 -38 -38 -38 -37 -37 -37 -36 -36 -36 -35 -35 -35 -34 -34 -34 -34 -33 -33 -33 -33 -33 -32 -32 -32 -32 -31 -31 -31 -31 -31 -31 -31 -31 -30 -30 -30 -30 -30 -30 -30 -30 -30 -30 -30 -30 -30 -30 -30 -30 -30 -30
-46 -46 -46 -46 -46 -46 -46 -46 -46 -46 -46 -46 -46 -46 -46 -46 -46 -46 -46 -46 -46 -46 -46 -46 -48 -48 -48 -48 -48 -48 -48 -46 -46 -45 -45 -44 -44 -43 -43 -42 -42 -41 -41 -41 -40 -40 -39 -39 -39 -38 -38 -38 -37 -37 -37 -36 -36 -36 -35 -35 -35 -34 -34 -34 -33 -33 -33 -33 -32 -32 -32 -32 -32 -31 -31 -31 -31 -31 -31 -30 -30 -30 -30 -30 -30 -30 -30 -30 -30 -30 -30 -30 -30 -30 -30 -30 -30 -30 -30 -30
-46 -46 -46 -46 -46 -46 -46 -46 -46 -46 -46 -47 -47 -47 -47 -47 -47 -47 -47 -47 -47 -47 -47 -47 -48 -48 -48 -48 -48 -47 -47 -46 -45 -45 -44 -44 -43 -43 -42 -42 -42 -41 -41 -40 -40 -40 -39 -39 -38 -38 -38 -37 -37 -37 -36 -36 -36 -35 -35 -35 -34 -34 -34 -34 -33 -33 -33 -32 -32 -32 -32 -31 -31 -31 -31 -31 -31 -30 -30 -30 -30 -30 -30 -30 -30 -29 -29 -29 -29 -29 -29 -29 -29 -29 -29 -29 -29 -29 -29 -29
-46 -46 -46 -46 -46 -46 -46 -46 -46 -46 -46 -47 -47 -47 -47 -47 -47 -47 -47 -47 -47 -47 -47 -47 -49 -49 -49 -49 -47 -47 -46 -46 -45 -45 -44 -43 -43 -43 -42 -42 -41 -41 -41 -40 -40 -39 -39 -39 -39 -39 -38 -39 -38 -37 -38 -37 -36 -37 -36 -35 -37 -36 -34 -33 -33 -33 -33 -32 -32 -32 -31 -31 -31 -31 -30 -30 -30 -30 -30 -30 -30 -30 -29 -29 -29 -29 -29 -29 -29 -29 -29 -29 -29 -29 -29 -29 -29 -29 -29 -29
-46 -46 -46 -46 -46 -46 -46 -46 -46 -46 -46 -47 -47 -47 -47 -47 -47 -47 -47 -47 -47 -47 -47 -47 -49 -49 -48 -48 -47 -46 -46 -45 -45 -44 -44 -43 -43 -42 -42 -42 -41 -41 -40 -40 -40 -40 -40 -40 -40 -40 -40 -40 -40 -39 -39 -39 -38 -38 -38 -37 -37 -37 -36 -36 -35 -33 -32 -32 -32 -32 -31 -31 -31 -30 -30 -30 -30 -30 -30 -30 -29 -29 -29 -29 -29 -29 -29 -29 -29 -29 -29 -29 -29 -29 -29 -29 -29 -29 -29 -29
-47 -47 -47 -47 -47 -47 -47 -47 -47 -47 -47 -48 -48 -48 -48 -48 -48 -48 -48 -48 -48 -48 -48 -48 -50 -48 -48 -47 -47 -46 -46 -45 -44 -44 -43 -43 -43 -42 -42 -41 -41 -41 -41 -41 -41 -41 -41 -41 -41 -41 -41 -41 -41 -40 -40 -40 -39 -39 -39 -38 -38 -38 -37 -36 -36 -35 -35 -34 -32 -31 -31 -31 -31 -30 -30 -30 -30 -29 -29 -29 -29 -29 -29 -29 -29 -28 -28 -28 -28 -28 -28 -28 -28 -28 -28 -28 -28 -28 -28 -28
-47 -47 -47 -47 -47 -47 -47 -47 -47 -47 -47 -48 -48 -48 -48 -48 -48 -48 -48 -48 -48 -48 -48 -48 -49 -48 -47 -47 -46 -46 -45 -45 -44 -44 -43 -43 -42 -42 -42 -42 -42 -42 -42 -42 -42 -42 -42 -42 -42 -42 -42 -42 -41 -41 -41 -40 -40 -40 -39 -39 -39 -38 -38 -37 -37 -36 -35 -35 -34 -34 -33 -31 -30 -30 -30 -30 -29 -29 -29 -29 -29 -29 -29 -28 -28 -28 -28 -28 -28 -28 -28 -28 -28 -28 -28 -28 -28 -28 -28 -28
-47 -47 -47 -47 -47 -47 -47 -47 -47 -47 -47 -48 -48 -48 -48 -48 -48 -48 -48 -48 -48 -48 -48 -48 -48 -48 -47 -47 -46 -45 -45 -44 -44 -44 -43 -43 -43 -43 -43 -43 -43 -43 -43 -43 -43 -43 -43 -43 -43 -43 -42 -42 -42 -41 -41 -41 -40 -40 -40 -39 -39 -39 -38 -38 -37 -37 -36 -36 -35 -34 -34 -33 -33 -32 -30 -29 -29 -29 -29 -29 -28 -28 -28 -28 -28 -28 -28 -28 -28 -28 -28 -28 -28 -28 -28 -28 -28 -28 -28 -28
-47 -47 -47 -47 -47 -47 -47 -47 -47 -47 -47 -49 -49 -49 -49 -49 -49 -49 -49 -49 -49 -49 -49 -48 -48 -47 -47 -46 -46 -45 -45 -44 -44 -43 -44 -44 -43 -44 -44 -44 -44 -44 -44 -44 -44 -44 -44 -44 -44 -44 -43 -43 -43 -42 -42 -42 -41 -41 -41 -40 -40 -40 -39 -38 -38 -37 -37 -36 -36 -35 -35 -34 -33 -33 -32 -32 -29 -29 -29 -28 -28 -28 -28 -28 -28 -28 -27 -27 -27 -27 -27 -27 -27 -27 -27 -27 -27 -27 -27 -27
-48 -48 -48 -48 -48 -48 -48 -48 -48 -48 -48 -49 -49 -49 -49 -49 -49 -49 -49 -49 -49 -49 -49 -48 -48 -47 -46 -46 -45 -45 -45 -44 -44 -44 -44 -44 -44 -45 -45 -45 -45 -45 -45 -45 -45 -45 -45 -45 -45 -44 -44 -44 -43 -43 -43 -42 -42 -42 -41 -41 -41 -40 -40 -39 -39 -38 -37 -37 -36 -36 -35 -35 -34 -34 -33 -32 -31 -29 -28 -28 -28 -28 -28 -27 -27 -27 -27 -27 -27 -27 -27 -27 -27 -27 -27 -27 -27 -27 -27 -27
-48 -48 -48 -48 -48 -48 -48 -48 -48 -48 -48 -49 -49 -49 -49 -49 -49 -49 -49 -49 -49 -49 -49 -48 -48 -47 -47 -46 -46 -45 -45 -44 -44 -44 -45 -44 -44 -46 -46 -46 -46 -46 -46 -46 -46 -46 -46 -46 -46 -45 -47 -46 -46 -45 -45 -44 -44 -43 -43 -42 -42 -41 -41 -40 -39 -39 -38 -38 -37 -36 -36 -35 -35 -34 -34 -33 -32 -31 -31 -28 -28 -28 -27 -27 -27 -27 -27 -27 -27 -27 -27 -27 -27 -27 -27 -27 -27 -27 -27 -27
-48 -48 -48 -48 -48 -48 -48 -48 -48 -48 -48 -50 -50 -50 -50 -50 -50 -50 -50 -50 -50 -49 -49 -48 -47 -47 -46 -46 -46 -45 -45 -45 -45 -45 -45 -45 -45 -47 -47 -47 -47 -47 -47 -47 -47 -47 -47 -47 -47 -46 -50 -50 -49 -49 -48 -48 -47 -47 -46 -46 -45 -45 -41 -40 -40 -39 -38 -38 -37 -37 -36 -35 -35 -34 -34 -33 -33 -32 -31 -30 -28 -27 -27 -27 -27 -27 -26 -26 -26 -26 -26 -26 -26 -26 -26 -26 -26 -26 -26 -26
-48 -48 -48 -48 -48 -48 -48 -48 -48 -48 -48 -50 -50 -50 -50 -50 -50 -50 -50 -50 -50 -49 -49 -48 -48 -47 -47 -46 -46 -45 -45 -45 -45 -45 -45 -45 -45 -48 -48 -48 -48 -48 -48 -48 -48 -48 -48 -48 -47 -47 -56 -55 -55 -54 -54 -53 -53 -52 -52 -51 -51 -50 -44 -44 -40 -39 -39 -38 -37 -37 -36 -36 -35 -34 -34 -33 -33 -32 -31 -30 -30 -27 -27 -27 -26 -26 -26 -26 -26 -26 -26 -26 -26 -26 -26 -26 -26 -26 -26 -26
-49 -49 -49 -49 -49 -49 -49 -49 -49 -49 -49 -50 -50 -50 -50 -50 -50 -50 -50 -50 -50 -49 -48 -48 -47 -47 -47 -46 -46 -46 -46 -46 -46 -46 -46 -46 -46 -49 -49 -49 -49 -49 -49 -49 -49 -49 -48 -48 -48 -48 -56 -56 -55 -55 -54 -54 -53 -53 -52 -52 -51 -51 -50 -49 -43 -43 -39 -38 -38 -37 -36 -36 -35 -35 -34 -33 -33 -32 -32 -31 -30 -29 -27 -26 -26 -26 -26 -26 -26 -26 -26 -26 -26 -26 -26 -26 -26 -26 -26 -26
-49 -49 -49 -49 -49 -49 -49 -49 -49 -49 -49 -49 -51 -51 -51 -51 -51 -51 -51 -50 -50 -49 -49 -48 -48 -47 -47 -46 -46 -46 -46 -46 -46 -46 -46 -46 -46 -47 -50 -50 -50 -50 -50 -50 -49 -49 -49 -49 -49 -49 -50 -51 -52 -53 -54 -55 -55 -54 -54 -53 -53 -52 -50 -50 -49 -48 -42 -42 -38 -37 -37 -36 -35 -35 -34 -33 -33 -32 -32 -31 -30 -29 -29 -26 -26 -26 -25 -25 -25 -25 -25 -25 -25 -25 -25 -25 -25 -25 -25 -25
-49 -49 -49 -49 -49 -49 -49 -49 -49 -49 -49 -49 -51 -51 -51 -51 -51 -51 -51 -50 -50 -49 -48 -48 -48 -47 -47 -47 -47 -47 -47 -47 -47 -47 -47 -47 -47 -47 -48 -51 -51 -51 -50 -50 -50 -50 -50 -50 -50 -50 -51 -52 -53 -54 -55 -56 -56 -56 -55 -55 -54 -54 -53 -51 -49 -49 -48 -47 -41 -41 -37 -36 -36 -35 -34 -34 -33 -32 -32 -31 -31 -30 -29 -28 -26 -25 -25 -25 -25 -25 -25 -25 -25 -25 -25 -25 -25 -25 -25 -25
-49 -49 -49 -49 -49 -49 -49 -49 -49 -49 -49 -49 -51 -51 -51 -51 -51 -51 -51 -50 -49 -49 -49 -48 -48 -47 -47 -47 -47 -47 -47 -47 -47 -47 -47 -47 -47 -48 -48 -49 -51 -51 -51 -51 -51 -51 -51 -51 -51 -51 -52 -53 -54 -55 -56 -57 -57 -56 -56 -55 -55 -54 -53 -53 -52 -50 -48 -48 -47 -46 -40 -40 -36 -35 -35 -34 -33 -32 -32 -31 -31 -30 -29 -28 -28 -25 -25 -25 -25 -25 -25 -25 -25 -25 -25 -25 -25 -25 -25 -25
-50 -50 -50 -50 -50 -50 -50 -50 -50 -50 -50 -50 -50 -52 -52 -52 -52 -51 -51 -50 -50 -49 -49 -48 -48 -48 -48 -48 -48 -48 -48 -48 -48 -48 -48 -48 -48 -48 -49 -49 -50 -52 -52 -52 -52 -52 -52 -52 -52 -52 -53 -54 -55 -56 -57 -58 -58 -57 -57 -56 -56 -55 -55 -54 -52 -52 -51 -49 -47 -47 -46 -45 -39 -39 -35 -34 -33 -33 -32 -31 -31 -30 -30 -29 -28 -27 -25 -24 -24 -24 -24 -24 -24 -24 -24 -24 -24 -24 -24 -24
-50 -50 -50 -50 -50 -50 -50 -50 -50 -50 -50 -50 -50 -52 -52 -52 -52 -51 -51 -50 -49 -49 -49 -48 -48 -48 -48 -48 -48 -48 -48 -48 -48 -48 -48 -48 -48 -49 -49 -50 -50 -51 -53 -53 -53 -53 -53 -53 -53 -53 -54 -55 -56 -57 -58 -59 -59 -58 -58 -57 -57 -56 -55 -54 -54 -53 -51 -51 -50 -48 -46 -46 -45 -44 -38 -34 -34 -33 -32 -31 -31 -30 -30 -29 -28 -27 -27 -24 -24 -24 -24 -24 -24 -24 -24 -24 -24 -24 -24 -24
-50 -50 -50 -50 -50 -50 -50 -50 -50 -50 -50 -50 -50 -52 -52 -52 -52 -51 -50 -50 -50 -49 -49 -49 -49 -49 -49 -49 -49 -49 -49 -49 -49 -49 -49 -49 -49 -49 -50 -50 -51 -51 -52 -54 -54 -54 -54 -54 -54 -54 -55 -56 -57 -58 -59 -60 -61 -62 -63 -64 -65 -66 -67 -55 -54 -53 -53 -52 -50 -50 -49 -47 -45 -45 -44 -38 -36 -33 -32 -32 -31 -30 -30 -29 -29 -28 -27 -26 -24 -24 -24 -24 -24 -24 -24 -24 -24 -24 -24 -24
-50 -50 -50 -50 -50 -50 -50 -50 -50 -50 -50 -50 -51 -51 -53 -52 -52 -51 -51 -50 -50 -49 -49 -49 -49 -49 -49 -49 -49 -49 -49 -49 -49 -49 -49 -49 -49 -49 -50 -51 -51 -52 -52 -53 -55 -55 -55 -55 -55 -55 -56 -57 -58 -59 -60 -61 -62 -63 -64 -65 -66 -67 -68 -69 -71 -54 -53 -52 -52 -51 -49 -50 -48 -46 -44 -43 -37 -33 -33 -32 -31 -30 -30 -29 -29 -28 -27 -26 -24 -23 -23 -23 -23 -23 -23 -23 -23 -23 -23 -23
-51 -51 -51 -51 -51 -51 -51 -51 -51 -51 -51 -51 -51 -51 -53 -52 -52 -51 -50 -50 -50 -49 -50 -50 -49 -50 -50 -50 -50 -50 -50 -50 -50 -50 -50 -50 -50 -50 -50 -51 -52 -52 -53 -53 -54 -56 -56 -56 -56 -56 -56 -57 -58 -59 -60 -61 -62 -63 -64 -65 -66 -67 -68 -70 -70 -70 -70 -53 -52 -51 -51 -50 -48 -49 -47 -45 -43 -37 -35 -32 -31 -31 -30 -29 -29 -28 -28 -27 -26 -23 -23 -23 -23 -23 -23 -23 -23 -23 -23 -23
-51 -51 -51 -51 -51 -51 -51 -51 -51 -51 -51 -51 -51 -51 -53 -52 -51 -51 -51 -50 -50 -50 -50 -50 -50 -50 -50 -50 -50 -50 -50 -50 -50 -50 -50 -50 -50 -50 -51 -51 -52 -53 -53 -54 -54 -55 -57 -57 -57 -57 -57 -58 -59 -60 -61 -62 -63 -64 -65 -66 -67 -68 -69 -69 -69 -69 -69 -69 -70 -52 -51 -50 -50 -49 -47 -45 -43 -42 -36 -32 -32 -31 -30 -29 -29 -28 -28 -27 -26 -25 -23 -23 -23 -23 -23 -23 -23 -23 -23 -23
-51 -51 -51 -51 -51 -51 -51 -51 -51 -51 -51 -51 -51 -52 -52 -52 -52 -51 -51 -50 -50 -50 -50 -50 -50 -50 -51 -51 -51 -51 -51 -51 -51 -51 -51 -51 -51 -51 -51 -52 -52 -53 -54 -54 -55 -55 -56 -58 -58 -58 -58 -59 -60 -61 -62 -63 -64 -65 -66 -67 -68 -68 -68 -68 -68 -68 -68 -69 -69 -70 -70 -51 -50 -49 -49 -48 -46 -44 -42 -36 -34 -31 -30 -30 -29 -28 -28 -27 -26 -25 -23 -22 -22 -22 -22 -22 -22 -22 -22 -22
-51 -51 -51 -51 -51 -51 -51 -51 -51 -51 -51 -51 -52 -52 -52 -52 -51 -51 -51 -50 -51 -50 -50 -51 -51 -51 -51 -51 -51 -51 -51 -51 -51 -51 -51 -51 -51 -51 -52 -52 -53 -53 -54 -55 -55 -56 -56 -57 -59 -59 -59 -60 -61 -62 -63 -64 -65 -66 -67 -68 -68 -67 -67 -67 -67 -67 -68 -68 -69 -69 -69 -70 -70 -50 -49 -48 -46 -44 -42 -41 -35 -31 -31 -30 -29 -28 -28 -27 -27 -26 -25 -22 -22 -22 -22 -22 -22 -22 -22 -22
-52 -52 -52 -52 -52 -52 -52 -52 -52 -52 -52 -52 -52 -52 -52 -52 -52 -52 -51 -51 -51 -51 -51 -51 -51 -51 -51 -52 -52 -52 -52 -52 -52 -52 -52 -52 -52 -52 -52 -53 -53 -54 -54 -55 -56 -56 -57 -57 -58 -60 -60 -61 -62 -63 -64 -65 -66 -67 -68 -68 -67 -66 -66 -66 -66 -67 -67 -68 -68 -68 -69 -69 -70 -70 -71 -49 -48 -47 -45 -43 -41 -35 -33 -30 -29 -29 -28 -27 -27 -26 -25 -24 -22 -22 -22 -22 -22 -22 -22 -22
-52 -52 -52 -52 -52 -52 -52 -52 -52 -52 -52 -52 -52 -52 -52 -53 -52 -52 -51 -51 -51 -51 -51 -51 -51 -52 -52 -52 -52 -52 -52 -52 -52 -52 -52 -52 -52 -52 -53 -53 -53 -54 -54 -55 -55 -56 -57 -57 -58 -58 -59 -59 -60 -60 -61 -61 -62 -62 -63 -63 -64 -64 -65 -65 -66 -66 -67 -67 -67 -68 -68 -69 -69 -70 -71 -71 -48 -47 -45 -43 -41 -40 -34 -30 -30 -29 -28 -27 -27 -26 -25 -24 -22 -21 -21 -21 -21 -21 -21 -21
-52 -52 -52 -52 -52 -52 -52 -52 -52 -52 -52 -52 -52 -52 -53 -52 -52 -52 -51 -51 -51 -51 -51 -51 -51 -52 -52 -52 -52 -53 -53 -53 -53 -53 -53 -53 -53 -53 -53 -53 -54 -54 -54 -55 -55 -56 -56 -57 -58 -58 -59 -59 -60 -60 -61 -61 -62 -62 -63 -63 -64 -64 -65 -65 -66 -66 -66 -67 -67 -68 -68 -69 -70 -70 -71 -71 -48 -47 -46 -44 -42 -40 -34 -32 -29 -28 -28 -27 -27 -26 -26 -25 -24 -21 -21 -21 -21 -21 -21 -21
-52 -52 -52 -52 -52 -52 -52 -52 -52 -52 -52 -52 -52 -53 -53 -53 -53 -52 -52 -52 -52 -52 -52 -52 -52 -52 -52 -53 -53 -53 -53 -53 -53 -53 -53 -53 -53 -53 -54 -54 -54 -54 -55 -55 -55 -56 -56 -57 -57 -58 -59 -59 -60 -60 -61 -61 -62 -62 -63 -63 -64 -64 -65 -65 -65 -66 -66 -67 -67 -68 -69 -69 -70 -70 -71 -72 -73 -47 -46 -44 -42 -40 -39 -33 -29 -29 -28 -27 -26 -26 -25 -24 -23 -21 -21 -21 -21 -21 -21 -21
-53 -53 -53 -53 -53 -53 -53 -53 -53 -53 -53 -53 -53 -53 -53 -53 -53 -52 -52 -52 -52 -52 -52 -52 -52 -52 -52 -53 -53 -53 -53 -54 -54 -54 -54 -54 -54 -54 -54 -54 -55 -55 -55 -55 -56 -56 -56 -57 -57 -58 -58 -59 -59 -60 -60 -61 -61 -62 -62 -63 -63 -64 -64 -65 -65 -66 -66 -67 -68 -68 -69 -69 -70 -71 -72 -72 -72 -47 -46 -45 -43 -41 -39 -33 -31 -28 -27 -27 -26 -26 -25 -24 -23 -21 -20 -20 -20 -20 -20 -20
-53 -53 -53 -53 -53 -53 -53 -53 -53 -53 -53 -53 -53 -53 -53 -53 -53 -52 -52 -52 -52 -52 -52 -52 -52 -52 -53 -53 -53 -54 -54 -54 -54 -54 -54 -54 -54 -54 -54 -55 -55 -55 -56 -56 -56 -56 -57 -57 -57 -58 -58 -59 -59 -60 -60 -61 -61 -62 -62 -63 -63 -64 -64 -65 -65 -66 -67 -67 -68 -68 -69 -70 -71 -71 -72 -72 -72 -72 -46 -45 -43 -41 -39 -38 -32 -28 -28 -27 -26 -26 -25 -25 -24 -23 -20 -20 -20 -20 -20 -20
-53 -53 -53 -53 -53 -53 -53 -53 -53 -53 -53 -53 -53 -53 -53 -54 -53 -53 -53 -53 -53 -53 -53 -53 -53 -53 -53 -53 -53 -54 -54 -54 -54 -55 -55 -55 -55 -55 -55 -55 -55 -56 -56 -56 -57 -57 -57 -57 -58 -58 -58 -59 -59 -60 -60 -61 -61 -62 -62 -63 -63 -64 -64 -65 -66 -66 -67 -67 -68 -69 -70 -70 -71 -71 -71 -71 -71 -72 -46 -45 -44 -42 -40 -38 -32 -30 -27 -26 -26 -25 -25 -24 -23 -22 -20 -20 -20 -20 -20 -20
-53 -53 -53 -53 -53 -53 -53 -53 -53 -53 -53 -53 -53 -54 -54 -54 -53 -53 -53 -53 -53 -53 -53 -53 -53 -53 -53 -53 -54 -54 -54 -55 -55 -55 -55 -55 -55 -55 -55 -56 -56 -56 -56 -57 -57 -57 -58 -58 -58 -58 -59 -59 -60 -60 -61 -61 -62 -62 -63 -63 -64 -64 -65 -65 -66 -66 -67 -68 -69 -69 -70 -70 -70 -70 -70 -71 -71 -71 -72 -45 -44 -42 -40 -38 -37 -31 -27 -27 -26 -25 -25 -24 -23 -22 -20 -19 -19 -19 -19 -19
-54 -54 -54 -54 -54 -54 -54 -54 -54 -54 -54 -54 -54 -54 -54 -54 -53 -53 -53 -53 -53 -53 -53 -53 -53 -53 -54 -54 -54 -54 -54 -55 -55 -55 -55 -56 -56 -56 -56 -56 -56 -57 -57 -57 -57 -58 -58 -58 -59 -59 -59 -59 -60 -60 -61 -61 -62 -62 -63 -63 -64 -64 -65 -65 -66 -67 -68 -68 -69 -69 -69 -69 -69 -70 -70 -71 -71 -71 -72 -45 -44 -43 -41 -39 -37 -31 -29 -26 -26 -25 -25 -24 -24 -23 -22 -19 -19 -19 -19 -19
-54 -54 -54 -54 -54 -54 -54 -54 -54 -54 -54 -54 -54 -54 -54 -54 -54 -54 -54 -54 -54 -54 -54 -54 -54 -54 -54 -54 -54 -54 -55 -55 -55 -56 -56 -56 -56 -56 -56 -57 -57 -57 -57 -58 -58 -58 -58 -59 -59 -59 -60 -60 -61 -61 -62 -62 -63 -63 -64 -64 -65 -65 -66 -66 -67 -67 -68 -68 -68 -68 -68 -69 -69 -70 -70 -70 -71 -71 -71 -72 -44 -43 -41 -39 -37 -36 -30 -26 -25 -25 -24 -24 -23 -22 -21 -19 -19 -19 -19 -19
-54 -54 -54 -54 -54 -54 -54 -54 -54 -54 -54 -54 -54 -54 -54 -55 -54 -54 -54 -54 -54 -54 -54 -54 -54 -54 -54 -54 -55 -55 -55 -55 -55 -56 -56 -56 -56 -57 -57 -57 -57 -58 -58 -58 -58 -59 -59 -59 -59 -60 -60 -60 -61 -61 -62 -62 -63 -63 -64 -64 -65 -65 -66 -66 -67 -67 -67 -67 -67 -68 -68 -69 -69 -69 -70 -70 -71 -71 -71 -72 -44 -43 -42 -40 -38 -36 -30 -28 -26 -25 -24 -24 -23 -22 -21 -19 -18 -18 -18 -18
-54 -54 -54 -54 -54 -54 -54 -54 -54 -54 -54 -54 -54 -55 -55 -55 -54 -54 -54 -54 -54 -54 -54 -54 -54 -54 -55 -55 -55 -55 -55 -55 -56 -56 -56 -57 -57 -57 -57 -58 -58 -58 -58 -59 -59 -59 -59 -60 -60 -60 -60 -61 -61 -62 -62 -63 -63 -64 -64 -65 -65 -66 -66 -66 -66 -66 -66 -67 -67 -68 -68 -68 -69 -69 -70 -70 -70 -71 -71 -71 -72 -43 -42 -40 -38 -36 -35 -29 -25 -25 -24 -24 -23 -23 -22 -21 -18 -18 -18 -18
-55 -55 -55 -55 -55 -55 -55 -55 -55 -55 -55 -55 -55 -55 -55 -55 -55 -55 -55 -55 -55 -55 -55 -55 -55 -55 -55 -55 -55 -55 -55 -56 -56 -56 -56 -56 -57 -57 -57 -58 -58 -58 -59 -59 -59 -59 -60 -60 -60 -60 -61 -61 -61 -62 -62 -62 -63 -63 -63 -64 -64 -64 -65 -65 -65 -66 -66 -67 -67 -67 -68 -68 -69 -69 -69 -70 -70 -71 -71 -71 -43 -42 -41 -39 -37 -35 -29 -27 -25 -24 -24 -23 -23 -22 -21 -20 -18 -18 -18 -18
-55 -55 -55 -55 -55 -55 -55 -55 -55 -55 -55 -55 -55 -55 -55 -55 -55 -55 -55 -55 -55 -55 -55 -55 -55 -55 -55 -55 -55 -56 -56 -56 -56 -56 -56 -57 -57 -57 -58 -58 -58 -58 -59 -59 -59 -60 -60 -60 -60 -61 -61 -61 -62 -62 -62 -63 -63 -63 -64 -64 -64 -65 -65 -65 -66 -66 -66 -67 -67 -68 -68 -68 -69 -69 -70 -70 -70 -70 -71 -71 -72 -42 -41 -39 -37 -35 -34 -28 -25 -24 -23 -23 -22 -21 -20 -18 -17 -17 -17 -17
-55 -55 -55 -55 -55 -55 -55 -55 -55 -55 -55 -55 -55 -55 -55 -55 -55 -55 -55 -55 -55 -55 -55 -55 -55 -55 -55 -56 -56 -56 -56 -56 -56 -56 -57 -57 -57 -57 -57 -58 -58 -59 -59 -59 -59 -60 -60 -60 -61 -61 -61 -61 -62 -62 -62 -63 -63 -63 -64 -64 -64 -65 -65 -65 -66 -66 -67 -67 -67 -68 -68 -69 -69 -69 -69 -70 -70 -71 -71 -71 -42 -41 -40 -38 -36 -34 -28 -26 -24 -24 -23 -23 -22 -22 -21 -20 -17 -17 -17 -17
-55 -55 -55 -55 -55 -55 -55 -55 -55 -55 -55 -55 -55 -55 -56 -56 -56 -56 -56 -56 -56 -56 -56 -56 -56 -56 -56 -56 -56 -56 -56 -56 -57 -57 -57 -57 -57 -57 -58 -58 -58 -58 -59 -59 -60 -60 -60 -60 -61 -61 -61 -62 -62 -62 -63 -63 -63 -64 -64 -64 -65 -65 -65 -66 -66 -66 -67 -67 -68 -68 -68 -68 -69 -69 -70 -70 -70 -71 -71 -72 -72 -41 -40 -38 -36 -34 -33 -27 -24 -23 -23 -22 -22 -21 -20 -19 -17 -17 -17 -17
-56 -56 -56 -56 -56 -56 -56 -56 -56 -56 -56 -56 -56 -56 -56 -56 -56 -56 -56 -56 -56 -56 -56 -56 -56 -56 -56 -56 -56 -56 -57 -57 -57 -57 -57 -57 -57 -58 -58 -58 -58 -59 -59 -59 -59 -60 -60 -61 -61 -61 -61 -62 -62 -62 -63 -63 -63 -64 -64 -64 -65 -65 -65 -66 -66 -67 -67 -67 -67 -68 -68 -69 -69 -69 -70 -70 -70 -71 -71 -72 -41 -40 -39 -37 -35 -33 -27 -25 -24 -23 -22 -22 -21 -20 -19 -17 -16 -16 -16 -16
-56 -56 -56 -56 -56 -56 -56 -56 -56 -56 -56 -56 -56 -56 -56 -56 -56 -56 -56 -56 -56 -56 -56 -56 -56 -56 -56 -57 -57 -57 -57 -57 -57 -57 -57 -58 -58 -58 -58 -58 -59 -59 -59 -59 -60 -60 -60 -60 -61 -61 -62 -62 -62 -63 -63 -63 -64 -64 -64 -65 -65 -65 -66 -66 -66 -66 -67 -67 -68 -68 -68 -69 -69 -69 -70 -70 -71 -71 -72 -72 -73 -40 -39 -37 -35 -33 -32 -26 -23 -23 -22 -22 -21 -21 -20 -19 -16 -16 -16 -16
-56 -56 -56 -56 -56 -56 -56 -56 -56 -56 -56 -56 -56 -56 -56 -56 -56 -57 -57 -57 -57 -57 -57 -57 -57 -57 -57 -57 -57 -57 -57 -57 -57 -58 -58 -58 -58 -58 -58 -58 -59 -59 -59 -60 -60 -60 -60 -61 -61 -61 -61 -62 -62 -62 -63 -63 -63 -64 -64 -64 -65 -65 -65 -66 -66 -67 -67 -67 -68 -68 -68 -69 -69 -70 -70 -70 -71 -71 -72 -72 -40 -39 -38 -36 -34 -32 -26 -24 -23 -22 -22 -21 -21 -20 -19 -18 -16 -16 -16 -16
-56 -56 -56 -56 -56 -56 -56 -56 -56 -56 -56 -56 -56 -56 -57 -57 -57 -57 -57 -57 -57 -57 -57 -57 -57 -57 -57 -57 -57 -57 -58 -58 -58 -58 -58 -58 -58 -58 -59 -59 -59 -59 -59 -60 -60 -60 -61 -61 -61 -61 -62 -62 -62 -63 -63 -63 -64 -64 -64 -65 -65 -65 -66 -66 -66 -67 -67 -67 -68 -68 -69 -69 -69 -70 -70 -71 -71 -72 -72 -72 -72 -39 -38 -36 -34 -32 -31 -25 -23 -22 -21 -21 -20 -19 -18 -16 -15 -15 -15 -15
-57 -57 -57 -57 -57 -57 -57 -57 -57 -57 -57 -57 -57 -57 -57 -57 -57 -57 -57 -57 -57 -57 -57 -57 -57 -57 -57 -58 -58 -58 -58 -58 -58 -58 -58 -58 -59 -59 -59 -59 -59 -60 -60 -60 -60 -60 -61 -61 -61 -62 -62 -62 -62 -63 -63 -63 -64 -64 -64 -65 -65 -65 -66 -66 -66 -67 -67 -68 -68 -68 -69 -69 -70 -70 -71 -71 -71 -71 -71 -72 -39 -38 -37 -35 -33 -31 -25 -23 -22 -22 -21 -21 -20 -20 -19 -18 -15 -15 -15 -15
-57 -57 -57 -57 -57 -57 -57 -57 -57 -57 -57 -57 -57 -57 -57 -57 -57 -57 -57 -57 -58 -58 -58 -58 -58 -58 -58 -58 -58 -58 -58 -58 -58 -59 -59 -59 -59 -59 -59 -59 -60 -60 -60 -60 -61 -61 -61 -61 -61 -62 -62 -62 -63 -63 -63 -64 -64 -64 -65 -65 -65 -66 -66 -66 -67 -67 -67 -68 -68 -69 -69 -70 -70 -70 -71 -71 -71 -71 -71 -72 -72 -38 -37 -35 -33 -31 -30 -24 -22 -21 -21 -20 -20 -19 -18 -17 -15 -15 -15 -15
-57 -57 -57 -57 -57 -57 -57 -57 -57 -57 -57 -57 -57 -57 -57 -57 -57 -58 -58 -58 -58 -58 -58 -58 -58 -58 -58 -58 -58 -58 -59 -59 -59 -59 -59 -59 -59 -59 -59 -60 -60 -60 -60 -61 -61 -61 -61 -62 -62 -62 -62 -62 -63 -63 -63 -64 -64 -64 -65 -65 -65 -66 -66 -66 -67 -67 -68 -68 -69 -69 -69 -70 -70 -70 -70 -70 -71 -71 -71 -71 -38 -37 -36 -34 -32 -30 -24 -22 -22 -21 -20 -20 -19 -18 -17 -15 -14 -14 -14 -14
-57 -57 -57 -57 -57 -57 -57 -57 -57 -57 -57 -57 -57 -57 -58 -58 -58 -58 -58 -58 -58 -58 -58 -58 -58 -58 -58 -59 -59 -59 -59 -59 -59 -59 -59 -59 -60 -60 -60 -60 -60 -60 -61 -61 -61 -61 -62 -62 -62 -62 -63 -63 -63 -64 -64 -64 -65 -65 -65 -66 -66 -66 -67 -67 -67 -68 -68 -68 -69 -69 -69 -69 -69 -70 -70 -70 -71 -71 -71 -71 -72 -37 -36 -34 -32 -30 -29 -23 -21 -21 -20 -20 -19 -19 -18 -17 -14 -14 -14 -14
-58 -58 -58 -58 -58 -58 -58 -58 -58 -58 -58 -58 -58 -58 -58 -58 -58 -58 -58 -58 -58 -58 -58 -59 -59 -59 -59 -59 -59 -59 -59 -59 -59 -60 -60 -60 -60 -60 -60 -60 -61 -61 -61 -61 -61 -62 -62 -62 -62 -63 -63 -63 -63 -64 -64 -64 -65 -65 -65 -66 -66 -66 -67 -67 -67 -68 -68 -68 -68 -68 -69 -69 -69 -70 -70 -70 -70 -71 -71 -71 -37 -36 -35 -33 -31 -29 -23 -21 -21 -20 -20 -19 -19 -18 -17 -16 -14 -14 -14 -14
-58 -58 -58 -58 -58 -58 -58 -58 -58 -58 -58 -58 -58 -58 -58 -58 -58 -58 -58 -58 -59 -59 -59 -59 -59 -59 -59 -59 -59 -59 -60 -60 -60 -60 -60 -60 -60 -60 -60 -61 -61 -61 -61 -62 -62 -62 -62 -62 -63 -63 -63 -63 -64 -64 -64 -65 -65 -65 -66 -66 -66 -67 -67 -67 -67 -67 -67 -68 -68 -68 -69 -69 -69 -69 -70 -70 -70 -71 -71 -71 -36 -35 -33 -31 -29 -28 -22 -20 -20 -20 -19 -19 -18 -17 -16 -14 -13 -13 -13 -13
-58 -58 -58 -58 -58 -58 -58 -58 -58 -58 -58 -58 -58 -58 -58 -58 -58 -58 -59 -59 -59 -59 -59 -59 -59 -59 -59 -60 -60 -60 -60 -60 -60 -60 -60 -60 -60 -61 -61 -61 -61 -61 -61 -62 -62 -62 -62 -63 -63 -63 -63 -63 -64 -64 -64 -64 -65 -65 -65 -65 -66 -66 -66 -66 -67 -67 -67 -68 -68 -68 -68 -69 -69 -69 -70 -70 -70 -71 -71 -36 -35 -34 -32 -30 -28 -22 -20 -20 -20 -19 -19 -18 -18 -17 -16 -13 -13 -13 -13 -13
-58 -58 -58 -58 -58 -58 -58 -58 -58 -58 -58 -58 -58 -58 -59 -59 -59 -59 -59 -59 -59 -59 -59 -59 -59 -59 -59 -60 -60 -60 -60 -60 -60 -60 -61 -61 -61 -61 -61 -61 -61 -62 -62 -62 -62 -62 -62 -63 -63 -63 -63 -64 -64 -64 -64 -65 -65 -65 -65 -66 -66 -66 -66 -67 -67 -67 -67 -68 -68 -68 -69 -69 -69 -70 -70 -70 -70 -71 -71 -35 -34 -32 -30 -28 -27 -21 -19 -19 -19 -19 -18 -18 -17 -16 -15 -13 -13 -13 -13 -13
-59 -59 -59 -59 -59 -59 -59 -59 -59 -59 -59 -59 -59 -59 -59 -59 -59 -59 -59 -59 -59 -59 -59 -59 -60 -60 -60 -60 -60 -60 -60 -61 -61 -61 -61 -61 -61 -61 -61 -61 -62 -62 -62 -62 -62 -63 -63 -63 -63 -63 -63 -64 -64 -64 -64 -65 -65 -65 -65 -66 -66 -66 -66 -67 -67 -67 -68 -68 -68 -69 -69 -69 -69 -70 -70 -70 -71 -71 -35 -34 -33 -31 -29 -27 -21 -19 -19 -19 -19 -18 -18 -17 -16 -15 -13 -12 -12 -12 -12 -12
-59 -59 -59 -59 -59 -59 -59 -59 -59 -59 -59 -59 -59 -59 -59 -59 -59 -59 -59 -59 -59 -59 -60 -60 -60 -60 -60 -60 -60 -60 -60 -61 -61 -61 -61 -61 -61 -61 -62 -62 -62 -62 -62 -62 -63 -63 -63 -63 -63 -64 -64 -64 -64 -65 -65 -65 -65 -66 -66 -66 -66 -67 -67 -67 -67 -68 -68 -68 -68 -69 -69 -69 -70 -70 -71 -71 -71 -71 -34 -33 -31 -29 -27 -26 -20 -18 -18 -18 -18 -18 -17 -17 -16 -15 -12 -12 -12 -12 -12 -12
-59 -59 -59 -59 -59 -59 -59 -59 -59 -59 -59 -59 -59 -59 -59 -59 -59 -59 -60 -60 -60 -60 -60 -60 -60 -60 -60 -60 -61 -61 -61 -61 -61 -61 -61 -62 -62 -62 -62 -62 -62 -62 -63 -63 -63 -63 -63 -63 -64 -64 -64 -64 -64 -65 -65 -65 -65 -66 -66 -66 -66 -67 -67 -67 -67 -68 -68 -68 -69 -69 -70 -70 -70 -70 -71 -71 -71 -34 -33 -32 -30 -28 -26 -20 -18 -18 -18 -18 -18 -17 -17 -16 -15 -14 -12 -12 -12 -12 -12 -12
-59 -59 -59 -59 -59 -59 -59 -59 -59 -59 -59 -59 -59 -59 -59 -60 -60 -60 -60 -60 -60 -60 -60 -60 -60 -60 -60 -61 -61 -61 -61 -61 -61 -61 -61 -62 -62 -62 -62 -62 -63 -63 -63 -63 -63 -63 -64 -64 -64 -64 -64 -64 -65 -65 -65 -65 -66 -66 -66 -66 -67 -67 -67 -67 -68 -68 -69 -69 -69 -69 -70 -70 -70 -71 -71 -71 -72 -33 -32 -30 -28 -26 -25 -19 -17 -17 -17 -17 -17 -17 -16 -15 -14 -12 -11 -11 -11 -11 -11 -11
-60 -60 -60 -60 -60 -60 -60 -60 -60 -60 -60 -60 -60 -60 -60 -60 -60 -60 -60 -60 -60 -60 -60 -60 -60 -60 -61 -61 -61 -61 -61 -61 -62 -62 -62 -62 -62 -62 -62 -63 -63 -63 -63 -63 -64 -64 -64 -64 -64 -64 -65 -65 -65 -65 -66 -66 -66 -66 -67 -67 -67 -67 -68 -68 -68 -68 -69 -69 -69 -70 -70 -70 -71 -71 -71 -72 -33 -32 -31 -29 -27 -25 -19 -17 -17 -17 -17 -17 -17 -16 -16 -15 -14 -11 -11 -11 -11 -11 -11 -11
-60 -60 -60 -60 -60 -60 -60 -60 -60 -60 -60 -60 -60 -60 -60 -60 -60 -60 -60 -60 -60 -60 -61 -61 -61 -61 -61 -61 -61 -61 -61 -62 -62 -62 -62 -62 -62 -62 -62 -63 -63 -63 -63 -64 -64 -64 -64 -64 -65 -65 -65 -65 -65 -66 -66 -66 -66 -67 -67 -67 -67 -68 -68 -68 -68 -69 -69 -69 -70 -70 -70 -71 -71 -71 -71 -72 -32 -31 -29 -27 -25 -24 -18 -16 -16 -16 -16 -16 -16 -16 -15 -14 -13 -11 -11 -11 -11 -11 -11 -11
-60 -60 -60 -60 -60 -60 -60 -60 -60 -60 -60 -60 -60 -60 -60 -60 -60 -60 -60 -61 -61 -61 -61 -61 -61 -61 -61 -61 -61 -61 -62 -62 -62 -62 -62 -62 -63 -63 -63 -63 -63 -63 -63 -64 -64 -64 -64 -65 -65 -65 -65 -65 -66 -66 -66 -66 -67 -67 -67 -67 -68 -68 -68 -68 -69 -69 -69 -70 -70 -70 -70 -71 -71 -71 -72 -32 -31 -30 -28 -26 -24 -18 -16 -16 -16 -16 -16 -16 -16 -15 -14 -13 -11 -10 -10 -10 -10 -10 -10 -10
-60 -60 -60 -60 -60 -60 -60 -60 -60 -60 -60 -60 -60 -60 -60 -61 -61 -61 -61 -61 -61 -61 -61 -61 -61 -61 -61 -62 -62 -62 -62 -62 -62 -62 -62 -63 -63 -63 -63 -63 -64 -64 -64 -64 -64 -64 -64 -65 -65 -65 -65 -66 -66 -66 -66 -67 -67 -67 -67 -68 -68 -68 -68 -69 -69 -69 -69 -70 -70 -70 -71 -71 -71 -72 -31 -31 -30 -28 -26 -24 -23 -17 -15 -15 -15 -15 -15 -15 -15 -15 -14 -13 -10 -10 -10 -10 -10 -10 -10 -10
-61 -61 -61 -61 -61 -61 -61 -61 -61 -61 -61 -61 -61 -61 -61 -61 -61 -61 -61 -61 -61 -61 -61 -61 -61 -61 -62 -62 -62 -62 -62 -62 -62 -62 -63 -63 -63 -63 -63 -63 -64 -64 -64 -64 -65 -65 -65 -65 -65 -65 -65 -66 -66 -66 -66 -67 -67 -67 -67 -68 -68 -68 -68 -69 -69 -69 -70 -70 -70 -71 -71 -71 -72 -30 -30 -30 -29 -27 -25 -23 -17 -15 -15 -15 -15 -15 -15 -15 -15 -14 -13 -12 -10 -10 -10 -10 -10 -10 -10 -10
-61 -61 -61 -61 -61 -61 -61 -61 -61 -61 -61 -61 -61 -61 -61 -61 -61 -61 -61 -61 -61 -61 -61 -62 -62 -62 -62 -62 -62 -62 -62 -63 -63 -63 -63 -63 -63 -63 -63 -64 -64 -64 -64 -64 -65 -65 -65 -65 -66 -66 -66 -66 -66 -67 -67 -67 -67 -68 -68 -68 -68 -69 -69 -69 -69 -70 -70 -70 -71 -71 -71 -71 -29 -29 -29 -29 -27 -25 -23 -22 -16 -14 -14 -14 -14 -14 -14 -14 -14 -13 -12 -10 -9 -9 -9 -9 -9 -9 -9 -9
-61 -61 -61 -61 -61 -61 -61 -61 -61 -61 -61 -61 -61 -61 -61 -61 -61 -61 -61 -62 -62 -62 -62 -62 -62 -62 -62 -62 -62 -62 -63 -63 -63 -63 -63 -63 -63 -63 -64 -64 -64 -64 -64 -65 -65 -65 -65 -65 -66 -66 -66 -66 -67 -67 -67 -67 -68 -68 -68 -68 -69 -69 -69 -69 -70 -70 -70 -70 -71 -71 -71 -28 -28 -28 -28 -28 -26 -24 -22 -16 -14 -14 -14 -14 -14 -14 -14 -14 -14 -13 -12 -9 -9 -9 -9 -9 -9 -9 -9 -9
-61 -61 -61 -61 -61 -61 -61 -61 -61 -61 -61 -61 -61 -61 -61 -62 -62 -62 -62 -62 -62 -62 -62 -62 -62 -62 -62 -63 -63 -63 -63 -63 -63 -63 -63 -64 -64 -64 -64 -64 -64 -64 -65 -65 -65 -65 -65 -66 -66 -66 -66 -66 -67 -67 -67 -67 -68 -68 -68 -68 -69 -69 -69 -69 -70 -70 -70 -71 -71 -71 -27 -27 -27 -27 -27 -26 -24 -22 -21 -15 -13 -13 -13 -13 -13 -13 -13 -13 -13 -12 -11 -9 -9 -9 -9 -9 -9 -9 -9 -9
-62 -62 -62 -62 -62 -62 -62 -62 -62 -62 -62 -62 -62 -62 -62 -62 -62 -62 -62 -62 -62 -62 -62 -62 -62 -62 -62 -63 -63 -63 -63 -63 -63 -63 -64 -64 -64 -64 -64 -64 -65 -65 -65 -65 -65 -65 -66 -66 -66 -66 -66 -67 -67 -67 -67 -68 -68 -68 -68 -69 -69 -69 -69 -70 -70 -70 -71 -71 -71 -26 -26 -26 -26 -26 -25 -25 -23 -21 -15 -13 -13 -13 -13 -13 -13 -13 -13 -13 -12 -11 -9 -8 -8 -8 -8 -8 -8 -8 -8 -8
-62 -62 -62 -62 -62 -62 -62 -62 -62 -62 -62 -62 -62 -62 -62 -62 -62 -62 -62 -62 -62 -62 -62 -63 -63 -63 -63 -63 -63 -63 -63 -64 -64 -64 -64 -64 -64 -64 -64 -65 -65 -65 -65 -65 -66 -66 -66 -66 -66 -66 -67 -67 -67 -67 -68 -68 -68 -68 -69 -69 -69 -69 -70 -70 -70 -70 -71 -71 -25 -25 -25 -25 -25 -24 -24 -23 -21 -20 -14 -12 -12 -12 -12 -12 -12 -12 -12 -12 -12 -11 -8 -8 -8 -8 -8 -8 -8 -8 -8 -8
-62 -62 -62 -62 -62 -62 -62 -62 -62 -62 -62 -62 -62 -62 -62 -62 -62 -62 -62 -63 -63 -63 -63 -63 -63 -63 -63 -63 -63 -63 -63 -64 -64 -64 -64 -64 -64 -64 -65 -65 -65 -65 -65 -66 -66 -66 -66 -66 -67 -67 -67 -67 -67 -68 -68 -68 -68 -69 -69 -69 -69 -70 -70 -70 -70 -71 -72 -24 -24 -24 -24 -24 -23 -23 -22 -22 -20 -14 -12 -12 -12 -12 -12 -12 -12 -12 -12 -11 -11 -10 -8 -8 -8 -8 -8 -8 -8 -8 -8 -8
-62 -62 -62 -62 -62 -62 -62 -62 -62 -62 -62 -62 -62 -62 -63 -63 -63 -63 -63 -63 -63 -63 -63 -63 -63 -63 -63 -64 -64 -64 -64 -64 -64 -64 -65 -65 -65 -65 -65 -65 -65 -66 -66 -66 -66 -66 -67 -67 -67 -67 -67 -68 -68 -68 -69 -69 -69 -70 -70 -70 -71 -71 -71 -72 -72 -72 -23 -23 -23 -23 -23 -22 -22 -21 -21 -20 -19 -13 -11 -11 -11 -11 -11 -11 -11 -11 -11 -11 -10 -8 -7 -7 -7 -7 -7 -7 -7 -7 -7 -7
-63 -63 -63 -63 -63 -63 -63 -63 -63 -63 -63 -63 -63 -63 -63 -63 -63 -63 -63 -63 -63 -63 -63 -63 -63 -63 -64 -64 -64 -64 -64 -64 -64 -64 -65 -65 -65 -65 -65 -65 -66 -66 -66 -66 -67 -67 -67 -67 -67 -68 -68 -68 -68 -69 -69 -69 -70 -70 -70 -71 -71 -71 -72 -72 -72 -22 -22 -22 -22 -22 -21 -21 -20 -20 -19 -19 -13 -11 -11 -11 -11 -11 -11 -11 -11 -11 -10 -10 -10 -7 -7 -7 -7 -7 -7 -7 -7 -7 -7 -7
-63 -63 -63 -63 -63 -63 -63 -63 -63 -63 -63 -63 -63 -63 -63 -63 -63 -63 -63 -63 -63 -63 -64 -64 -64 -64 -64 -64 -64 -64 -65 -65 -65 -65 -65 -65 -65 -66 -66 -66 -66 -66 -66 -67 -67 -67 -67 -68 -68 -68 -68 -68 -69 -69 -69 -70 -70 -70 -71 -71 -71 -72 -72 -72 -21 -21 -21 -21 -21 -20 -20 -19 -19 -18 -18 -18 -12 -10 -10 -10 -10 -10 -10 -10 -10 -10 -10 -9 -9 -7 -7 -7 -7 -7 -7 -7 -7 -7 -7 -7
-63 -63 -63 -63 -63 -63 -63 -63 -63 -63 -63 -63 -63 -63 -63 -63 -63 -64 -64 -64 -64 -64 -64 -64 -64 -64 -64 -64 -64 -65 -65 -65 -65 -65 -65 -65 -65 -66 -66 -66 -67 -67 -67 -67 -67 -67 -68 -68 -68 -68 -69 -69 -69 -70 -70 -70 -71 -71 -71 -72 -72 -72 -73 -20 -20 -20 -20 -20 -19 -19 -18 -18 -17 -17 -17 -12 -10 -10 -10 -10 -10 -10 -10 -10 -10 -9 -9 -9 -7 -6 -6 -6 -6 -6 -6 -6 -6 -6 -6 -6
-63 -63 -63 -63 -63 -63 -63 -63 -63 -63 -63 -63 -63 -63 -64 -64 -64 -64 -64 -64 -64 -64 -64 -64 -64 -64 -64 -65 -65 -65 -65 -65 -65 -66 -66 -66 -66 -66 -66 -66 -67 -67 -67 -68 -68 -68 -68 -68 -68 -69 -69 -69 -69 -70 -70 -70 -71 -71 -71 -72 -72 -72 -73 -19 -19 -19 -19 -19 -18 -18 -17 -17 -16 -16 -16 -11 -9 -9 -9 -9 -9 -9 -9 -9 -9 -9 -8 -8 -6 -6 -6 -6 -6 -6 -6 -6 -6 -6 -6 -6
-64 -64 -64 -64 -64 -64 -64 -64 -64 -64 -64 -64 -64 -64 -64 -64 -64 -64 -64 -64 -64 -64 -64 -64 -64 -65 -65 -65 -65 -65 -65 -65 -66 -66 -66 -66 -66 -66 -66 -66 -67 -67 -67 -68 -68 -68 -69 -69 -69 -69 -69 -69 -70 -70 -70 -71 -71 -71 -72 -72 -72 -73 -73 -18 -18 -18 -18 -18 -17 -17 -16 -16 -15 -15 -15 -10 -9 -9 -9 -9 -9 -9 -9 -9 -9 -8 -8 -8 -6 -6 -6 -6 -6 -6 -6 -6 -6 -6 -6 -6
-64 -64 -64 -64 -64 -64 -64 -64 -64 -64 -64 -64 -64 -64 -64 -64 -64 -64 -64 -64 -65 -65 -65 -65 -65 -65 -65 -65 -65 -65 -66 -66 -66 -66 -66 -66 -67 -67 -67 -67 -67 -67 -67 -68 -68 -68 -69 -69 -69 -70 -70 -70 -70 -71 -71 -71 -72 -72 -72 -73 -73 -73 -74 -17 -17 -17 -17 -17 -16 -16 -15 -15 -14 -14 -14 -9 -8 -8 -8 -8 -8 -8 -8 -8 -8 -8 -7 -7 -5 -5 -5 -5 -5 -5 -5 -5 -5 -5 -5 -5
-64 -64 -64 -64 -64 -64 -64 -64 -64 -64 -64 -64 -64 -64 -64 -64 -64 -65 -65 -65 -65 -65 -65 -65 -65 -65 -65 -65 -66 -66 -66 -66 -66 -66 -66 -67 -67 -67 -67 -67 -68 -68 -68 -68 -68 -68 -69 -69 -69 -70 -70 -70 -71 -71 -71 -72 -72 -72 -73 -73 -73 -74 -74 -16 -16 -16 -16 -16 -15 -15 -14 -14 -13 -13 -13 -8 -8 -8 -8 -8 -8 -8 -8 -8 -8 -7 -7 -7 -5 -5 -5 -5 -5 -5 -5 -5 -5 -5 -5 -5
-64 -64 -64 -64 -64 -64 -64 -64 -64 -64 -64 -64 -64 -64 -65 -65 -65 -65 -65 -65 -65 -65 -65 -65 -65 -65 -65 -66 -66 -66 -66 -66 -66 -67 -67 -67 -67 -67 -67 -68 -68 -68 -68 -69 -69 -69 -69 -69 -69 -70 -70 -70 -71 -71 -71 -72 -72 -72 -73 -73 -73 -74 -74 -15 -15 -15 -15 -15 -14 -14 -13 -13 -12 -12 -12 -7 -7 -7 -7 -7 -7 -7 -7 -7 -7 -7 -6 -6 -5 -5 -5 -5 -5 -5 -5 -5 -5 -5 -5 -5
-65 -65 -65 -65 -65 -65 -65 -65 -65 -65 -65 -65 -65 -65 -65 -65 -65 -65 -65 -65 -65 -65 -65 -66 -66 -66 -66 -66 -66 -66 -66 -67 -67 -67 -67 -67 -67 -67 -68 -68 -68 -68 -69 -69 -69 -69 -70 -70 -70 -70 -70 -70 -71 -71 -71 -72 -72 -72 -73 -73 -73 -74 -14 -14 -14 -14 -14 -14 -13 -13 -12 -12 -11 -11 -11 -7 -7 -7 -7 -7 -7 -7 -7 -7 -7 -6 -6 -6 -4 -4 -4 -4 -4 -4 -4 -4 -4 -4 -4 -4
-65 -65 -65 -65 -65 -65 -65 -65 -65 -65 -65 -65 -65 -65 -65 -65 -65 -65 -65 -65 -66 -66 -66 -66 -66 -66 -66 -66 -66 -66 -67 -67 -67 -67 -67 -67 -68 -68 -68 -68 -68 -69 -69 -69 -69 -70 -70 -70 -70 -71 -71 -71 -72 -72 -72 -73 -73 -73 -74 -74 -74 -75 -13 -13 -13 -13 -13 -13 -12 -12 -11 -11 -10 -10 -10 -6 -6 -6 -6 -6 -6 -6 -6 -6 -6 -6 -5 -5 -4 -4 -4 -4 -4 -4 -4 -4 -4 -4 -4 -4
-65 -65 -65 -65 -65 -65 -65 -65 -65 -65 -65 -65 -65 -65 -65 -65 -65 -66 -66 -66 -66 -66 -66 -66 -66 -66 -66 -67 -67 -67 -67 -67 -67 -67 -68 -68 -68 -68 -68 -69 -69 -69 -69 -69 -70 -70 -70 -70 -71 -71 -71 -71 -72 -72 -72 -73 -73 -73 -74 -74 -74 -75 -12 -12 -12 -12 -12 -12 -11 -11 -10 -10 -9 -9 -9 -6 -6 -6 -6 -6 -6 -6 -6 -6 -6 -5 -5 -5 -4 -4 -4 -4 -4 -4 -4 -4 -4 -4 -4 -4
-65 -65 -65 -65 -65 -65 -65 -65 -65 -65 -65 -65 -65 -65 -66 -66 -66 -66 -66 -66 -66 -66 -66 -66 -66 -66 -67 -67 -67 -67 -67 -67 -67 -68 -68 -68 -68 -68 -68 -69 -69 -69 -70 -70 -70 -70 -70 -71 -71 -71 -71 -72 -72 -72 -73 -73 -73 -74 -74 -74 -75 -75 -11 -11 -11 -11 -11 -11 -10 -10 -9 -9 -8 -8 -8 -5 -5 -5 -5 -5 -5 -5 -5 -5 -5 -5 -4 -4 -3 -3 -3 -3 -3 -3 -3 -3 -3 -3 -3 -3
-66 -66 -66 -66 -66 -66 -66 -66 -66 -66 -66 -66 -66 -66 -66 -66 -66 -66 -66 -66 -66 -66 -66 -67 -67 -67 -67 -67 -67 -67 -68 -68 -68 -68 -68 -68 -68 -69 -69 -69 -69 -69 -70 -70 -70 -71 -71 -71 -71 -71 -72 -72 -72 -73 -73 -73 -74 -74 -74 -75 -75 -75 -10 -10 -10 -10 -10 -10 -9 -9 -8 -8 -7 -7 -7 -5 -5 -5 -5 -5 -5 -5 -5 -5 -5 -4 -4 -4 -3 -3 -3 -3 -3 -3 -3 -3 -3 -3 -3 -3
-66 -66 -66 -66 -66 -66 -66 -66 -66 -66 -66 -66 -66 -66 -66 -66 -66 -66 -66 -67 -67 -67 -67 -67 -67 -67 -67 -67 -68 -68 -68 -68 -68 -68 -68 -69 -69 -69 -69 -70 -70 -70 -70 -70 -71 -71 -71 -72 -72 -72 -72 -72 -73 -73 -74 -74 -75 -75 -76 -76 -77 -77 -9 -9 -9 -9 -9 -9 -8 -8 -7 -7 -6 -6 -6 -4 -4 -4 -4 -4 -4 -4 -4 -4 -4 -4 -3 -3 -3 -3 -3 -3 -3 -3 -3 -3 -3 -3 -3 -3
-66 -66 -66 -66 -66 -66 -66 -66 -66 -66 -66 -66 -66 -66 -66 -66 -67 -67 -67 -67 -67 -67 -67 -67 -67 -67 -68 -68 -68 -68 -68 -68 -69 -69 -69 -69 -69 -69 -69 -70 -70 -71 -71 -71 -71 -71 -72 -72 -72 -73 -73 -73 -74 -74 -75 -75 -76 -76 -77 -77 -78 -78 -8 -8 -8 -8 -8 -8 -7 -7 -6 -6 -5 -5 -5 -4 -4 -4 -4 -4 -4 -4 -4 -4 -4 -3 -3 -3 -2 -2 -2 -2 -2 -2 -2 -2 -2 -2 -2 -2
-66 -66 -66 -66 -66 -66 -66 -66 -66 -66 -66 -66 -66 -67 -67 -67 -67 -67 -67 -67 -67 -67 -67 -67 -67 -68 -68 -68 -68 -68 -69 -69 -69 -69 -69 -69 -69 -70 -70 -70 -70 -71 -71 -72 -72 -72 -72 -72 -73 -20 -19 -18 -17 -16 -15 -14 -13 -12 -11 -10 -9 -8 -7 -7 -7 -7 -7 -7 -6 -6 -5 -5 -4 -4 -4 -3 -3 -3 -3 -3 -3 -3 -3 -3 -3 -3 -2 -2 -2 -2 -2 -2 -2 -2 -2 -2 -2 -2 -2 -2
-67 -67 -67 -67 -67 -67 -67 -67 -67 -67 -67 -67 -67 -67 -67 -67 -67 -67 -67 -67 -67 -68 -68 -68 -68 -68 -68 -68 -69 -69 -69 -69 -69 -69 -70 -70 -70 -70 -70 -71 -71 -71 -71 -72 -72 -73 -73 -73 -21 -19 -18 -17 -16 -15 -14 -13 -12 -11 -10 -9 -8 -7 -6 -6 -6 -6 -6 -6 -6 -5 -5 -4 -4 -3 -3 -3 -3 -3 -3 -3 -3 -3 -3 -3 -3 -2 -2 -2 -2 -2 -2 -2 -2 -2 -2 -2 -2 -2 -2 -2
-67 -67 -67 -67 -67 -67 -67 -67 -67 -67 -67 -67 -67 -67 -67 -67 -67 -67 -68 -68 -68 -68 -68 -68 -68 -68 -68 -69 -69 -69 -69 -69 -70 -70 -70 -70 -70 -70 -70 -71 -71 -72 -72 -72 -72 -73 -73 -22 -20 -18 -17 -16 -15 -14 -13 -12 -11 -10 -9 -8 -7 -6 -5 -5 -5 -5 -5 -5 -5 -5 -4 -4 -3 -3 -2 -2 -2 -2 -2 -2 -2 -2 -2 -2 -2 -2 -2 -1 -1 -1 -1 -1 -1 -1 -1 -1 -1 -1 -1 -1
-67 -67 -67 -67 -67 -67 -67 -67 -67 -67 -67 -67 -67 -67 -67 -68 -68 -68 -68 -68 -68 -68 -68 -68 -68 -68 -69 -69 -69 -69 -70 -70 -70 -70 -70 -70 -71 -71 -71 -71 -71 -72 -72 -73 -73 -73 -23 -21 -19 -17 -16 -15 -14 -13 -12 -11 -10 -9 -8 -7 -6 -5 -4 -4 -4 -4 -4 -4 -4 -4 -4 -3 -3 -2 -2 -2 -2 -2 -2 -2 -2 -2 -2 -2 -2 -2 -1 -1 -1 -1 -1 -1 -1 -1 -1 -1 -1 -1 -1 -1
-67 -67 -67 -67 -67 -67 -67 -67 -67 -67 -67 -67 -67 -68 -68 -68 -68 -68 -68 -68 -68 -68 -68 -69 -69 -69 -69 -69 -69 -70 -70 -70 -70 -70 -71 -71 -71 -71 -71 -72 -72 -72 -72 -73 -73 -24 -22 -20 -18 -15 -14 -13 -12 -11 -10 -9 -8 -7 -6 -5 -4 -3 -3 -3 -3 -3 -3 -3 -3 -3 -3 -3 -2 -2 -1 -1 -1 -1 -1 -1 -1 -1 -1 -1 -1 -1 -1 -1 -1 -1 -1 -1 -1 -1 -1 -1 -1 -1 -1 -1
-68 -68 -68 -68 -68 -68 -68 -68 -68 -68 -68 -68 -68 -68 -68 -68 -68 -68 -68 -68 -69 -69 -69 -69 -69 -69 -69 -69 -70 -70 -70 -70 -71 -71 -71 -71 -71 -71 -72 -72 -72 -73 -73 -73 -25 -23 -21 -19 -15 -14 -13 -12 -11 -10 -9 -8 -7 -6 -5 -4 -3 -2 -2 -2 -2 -2 -2 -2 -2 -2 -2 -2 -2 -1 -1 -1 -1 -1 -1 -1 -1 -1 -1 -1 -1 -1 -1 0 0 0 0 0 0 0 0 0 0 0 0 0
-68 -68 -68 -68 -68 -68 -68 -68 -68 -68 -68 -68 -68 -68 -68 -68 -68 -69 -69 -69 -69 -69 -69 -69 -69 -70 -70 -70 -70 -70 -70 -71 -71 -71 -71 -71 -72 -72 -72 -72 -73 -73 -73 -26 -24 -22 -20 -16 -14 -13 -12 -11 -10 -9 -8 -7 -6 -5 -4 -3 -2 -1 -1 -1 -1 -1 -1 -1 -1 -1 -1 -1 -1 -1 0 0 0 0 0 0 0 0 0 0 0 0 0 0 0 0 0 0 0 0 0 0 0 0 0 0
-68 -68 -68 -68 -68 -68 -68 -68 -68 -68 -68 -68 -68 -68 -68 -69 -69 -69 -69 -69 -69 -69 -69 -69 -69 -70 -70 -70 -70 -70 -71 -71 -71 -71 -72 -72 -72 -72 -73 -73 -73 -73 -27 -25 -23 -21 -17 -15 -13 -12 -11 -10 -9 -8 -7 -6 -5 -4 -3 -2 -1 0 0 0 0 0 0 0 0 0 0 0 0 0 0 0 0 0 0 0 0 0 0 0 0 0 0 0 0 0 0 0 0 0 0 0 0 0 0 0
-68 -68 -68 -68 -68 -68 -68 -68 -68 -68 -68 -68 -69 -69 -69 -69 -69 -69 -69 -69 -69 -69 -70 -70 -70 -70 -70 -71 -71 -71 -71 -71 -71 -72 -72 -72 -72 -72 -73 -73 -74 -28 -26 -24 -22 -18 -16 -14 0 0 0 0 0 0 0 0 0 0 0 0 0 0 0 0 0 0 0 0 0 0 0 0 0 0 0 0 0 0 0 0 0 0 0 0 0 0 0 0 0 0 0 0 0 0 0 0 0 0 0 0
